1 6 9 10 11 15 16 21 22 23 26 27 31 32 50
0 5 10 14 20 22 30 32 34 39
8 10 22 32
10 12 22 28 32 38
7 10 17 22 24 32 44
10 22 32
1 6 9 10 11 15 16 21 22 23 26 27 31 32 33 38 50
0 5 10 13 14 20 22 29 30 32 34 38 39
4 8 10 19 22 32 38
10 12 22 28 32 38
7 10 17 22 24 32 38 44
7 10 22 32 38
12 28 33 38
12 13 26 27 28 29 38 42 43 50
4 12 19 28 38 41 45 47
10 12 22 28 32 38
12 28 38
7 12 17 24 28 38 44
8 25 37 49
4 19 37
3 7 18 37
37
6 9 16 21 23 31 37
37

6 16 23

1 34 39
4 19 33 37 45 47
2 11 16 35 40
1 2 5 6 7 8 9 27 32 33 46 49 50 57 58 59 60 63
1 4 6 19 45 58 60
1 6 11 13 16 22 26 37 48 56 58 60 62
1 3 6 28 44 58 60 70
1 6 10 34 40 47 53 58 60 67
1 6 58 60
1 2 3 5 6 7 8 9 27 32 33 38 44 46 49 50 51 57 58 59 60 63
0 1 3 4 6 19 44 45 58 60
1 3 6 11 13 16 18 22 26 37 44 48 56 58 60 62
1 3 6 28 44 58 60 70
1 3 6 10 28 34 40 44 47 53 58 60 67
1 3 6 10 44 47 58 60
3 14 23 28 38 44 51 64 70
0 3 9 28 31 32 33 39 44 52 65 66 69 70
3 18 28 30 35 41 44 68 70
1 3 6 28 44 58 60 70
3 28 44 70
3 10 28 34 40 44 47 53 67 70
26 37 43 48 56 62
18 43
10 21 25 43 47 55
43
2 5 27 43 46 57 59
0 43
14 23 27 28
8 14 23 27 38 46 51
14 23 27 38 51
14 19 23 27 59
2 14 18 23 27 35 41 43
14 17 20 23 27 64
5 6 9 10 14 22 25 26 27 28 34 35 36 37 46 47 50 51 52 53
5 9 22 26 31 34 36 45 49
5 9 19 22 24 26 34 36
5 9 11 15 22 26 29 34 36 41 44 48 54 58
5 9 18 22 26 34 36 38 63 70
5 9 22 26 34 36
5 6 7 9 10 14 22 25 26 27 28 34 35 36 37 44 46 47 48 50 51 52 53
4 5 8 9 22 26 30 31 34 36 44 45 48 49
5 9 19 22 24 26 34 36 44 48
5 9 11 15 22 26 29 34 36 41 44 48 54 58
5 9 11 15 18 22 26 34 36 38 44 48 54 58 63 70
5 9 18 22 26 34 36 44 48
7 11 15 29 41 44 48 54 58
3 4 8 11 14 15 28 29 30 41 42 43 44 48 54 58 62 67 68 69
2 11 15 29 41 44 48 54 58 61 64 66
5 9 11 15 22 26 29 34 36 41 44 48 54 58
11 15 29 41 44 48 54 58
11 15 18 29 38 41 44 48 54 58 63 70
13 21 24 33
21 33
18 21 33
21 33 40 57
10 17 21 25 33 35 37 47 53 57
4 8 17 21 33 43
10 11 14 15 53 54 58
10 37 53
7 10 53
10 31 53
10 47 53 57 64
0 10 37 53
0 1 5 6 7 8 32 37 38 39 40 43 44 47 48 55 61 62 63 68 69 77
4 8 38 46 61 63 65 69 77
8 18 38 52 54 61 63 69 71 77
8 13 24 33 38 45 49 61 63 69 77
8 11 38 61 63 69 75 77
8 38 61 63 69 77
0 1 5 6 7 8 9 32 37 38 39 40 43 44 45 47 48 55 61 62 63 64 68 69 77
4 7 8 37 38 45 46 61 63 65 68 69 77
3 8 18 38 45 52 54 61 63 69 71 77
8 13 24 33 38 45 49 61 63 69 77
8 11 38 45 49 61 63 69 75 77
8 38 45 61 63 69 77
9 13 19 24 33 45 49 56 64 72
6 7 10 13 14 15 20 23 24 25 26 32 33 34 37 43 44 45 49 68 73 74
3 13 22 24 33 45 49 58
8 13 24 33 38 45 49 61 63 69 77
13 24 33 45 49
11 13 24 33 45 49 75
31 36 42 54 60 67 76
3 36 60 67 76
7 17 37 44 51 60 68 76
12 60 76
48 60 62 76
60 76
48 49 55 56
9 19 48 56
9 48 56
1 15 20 26 34 40 48 56 65
3 48 56 58 64
2 19 48 56 72
3 14 15 19 27
3 14 24
0 3 8 14 26 29 31
3 14
3 7 14 20
3 14
3 14 15 19 27
3 14 24
0 3 8 14 23 26 29 31
3 14
3 7 14 20
3 7 14
9 16
6 17 18 19
5 21 23
3 14

7 20
2 13 26
2 13 23
2 7 13
2 13
2 13
2 6 13
9
9
4 9
9 24 27
9 21 23
4 9 16